1 2 2606 1
2 3 1921 1
3 4 1953 1
4 5 1479 1
5 6 1810 1
6 7 1778 1
7 8 1313 1
8 9 1172 1
9 10 1166 1
10 11 1291 1
11 12 424 1
12 13 1596 1
13 14 1271 1
14 15 925 1
15 16 852 1
16 17 774 1
17 18 1230 1
18 19 1377 1
19 20 790 1
20 21 1385 1
21 22 1673 1
22 23 1715 1
23 24 1375 1
24 25 2002 1
25 26 1894 1
26 27 1912 1
27 28 1763 1
28 29 1700 1
29 30 1465 1
30 31 990 1
31 32 1225 1
32 33 1257 1
33 34 776 1
34 35 2238 1
35 36 1863 1
37 38 960 2
38 39 910 2
39 40 1899 2
40 41 1766 2
41 42 1237 2
42 43 792 2
43 44 2228 2
44 45 824 2
45 46 1027 2
46 18 1736 2
18 47 946 2
47 48 1023 2
48 49 1634 2
49 50 1171 2
50 51 851 2
51 52 929 2
52 12 1234 2
12 37 1833 2
53 54 1363 4
54 55 1251 4
55 56 1672 4
56 57 1295 4
57 58 887 4
58 59 900 4
59 60 1063 4
60 61 1051 4
61 62 1658 4
62 63 1517 4
63 39 1441 4
39 64 1025 4
64 65 1100 4
65 66 1100 4
66 67 869 4
67 13 1011 4
13 51 815 4
51 68 1152 4
68 69 1200 4
69 70 1643 4
70 71 1480 4
71 72 827 4
72 73 989 4
73 74 2798 4
74 75 5102 4
75 76 1810 4
76 77 1128 4
77 78 1096 4
78 79 1200 4
79 80 1214 4
80 100 987 4
100 81 2035 4
81 82 2918 4
82 83 1811 4
84 85 941 5
85 86 964 5
86 87 1544 5
87 88 1306 5
88 89 1330 5
89 90 2956 5
90 91 1838 5
91 92 1121 5
92 93 1026 5
93 94 1059 5
94 43 1151 5
43 95 866 5
95 96 791 5
96 97 1017 5
97 98 848 5
98 17 945 5
17 48 822 5
48 99 877 5
99 101 1183 5
101 102 1900 5
102 103 905 5
103 104 1670 5
105 1 1438 6
1 106 839 6
106 107 1792 6
107 108 1794 6
108 109 2276 6
109 110 2140 6
110 111 1509 6
111 112 1431 6
112 113 1167 6
113 114 777 6
114 115 888 6
115 38 887 6
38 65 1444 6
65 116 1322 6
116 117 1349 6
117 97 1937 6
97 46 1400 6
46 118 1669 6
118 119 846 6
119 120 1450 6
120 121 2037 6
121 122 1283 6
122 123 3999 6
123 124 1239 6
124 125 1854 6
125 126 1407 6
126 127 2115 6
127 128 2557 6
128 129 1468 6
129 130 1543 6
130 131 1600 6
131 132 929 6
132 133 1347 6
133 134 1194 6
135 136 2319 8
136 137 1986 8
137 138 2017 8
138 139 1115 8
139 140 1895 8
140 141 1543 8
141 142 1042 8
142 143 2553 8
143 144 2558 8
144 145 1017 8
145 146 1667 8
146 147 900 8
147 148 1009 8
148 149 1275 8
149 41 1084 8
41 150 1188 8
150 117 902 8
117 151 1437 8
151 152 873 8
152 16 762 8
16 49 1857 8
49 153 1085 8
153 154 881 8
154 155 1800 8
155 156 741 8
156 157 845 8
157 158 1678 8
158 159 2446 8
159 160 1537 8
160 161 1215 8
161 162 1684 8
162 163 2076 8
163 164 1510 8
62 113 1096 9
113 165 1044 9
165 9 1912 9
9 166 1398 9
166 167 1171 9
167 168 1309 9
168 169 1779 9
169 170 1326 9
170 171 1585 9
171 172 980 9
172 173 788 9
173 174 1348 9
175 111 1215 10
111 176 1591 10
176 177 1206 10
177 178 778 10
178 179 1441 10
179 180 1110 10
180 59 950 10
59 181 976 10
181 182 1058 10
182 183 1102 10
183 184 1330 10
184 185 967 10
185 147 1100 10
147 186 1020 10
186 92 982 10
92 187 1713 10
187 188 1003 10
188 189 1759 10
189 190 1535 10
190 191 914 10
191 192 853 10
192 119 1150 10
119 193 734 10
193 20 835 10
20 194 1760 10
194 195 1033 10
195 196 1021 10
196 197 1073 10
197 198 1803 10
198 199 1060 10
199 104 1675 10
104 200 1273 10
200 201 1244 10
201 202 1124 10
202 72 1259 10
72 203 1688 10
203 204 1550 10
204 205 1119 10
205 206 1717 10
206 207 954 10
207 208 749 10
208 168 1587 10
168 209 2365 10
209 8 1041 10
8 175 2386 10
39 210 2839 13
210 182 1206 13
182 211 1829 13
211 212 4866 13
212 213 1018 13
213 214 1545 13
214 215 3623 13
215 216 1423 13
216 139 2110 13
139 87 4786 13
87 217 2272 13
217 218 6720 13
218 187 2152 13
187 219 1110 13
219 220 1135 13
220 44 1769 13